200	50	60				
200						
1	0	1	10	10	2	2
2	0	1	11	6	3	2
3	0	1	12	5	2	2
4	0	1	13	2	2	2
5	0	1	14	6	3	2
6	0	1	15	6	2	2
7	0	1	16	3	4	2
8	0	1	17	3	4	2
9	1	1	5	3	3	1
10	1	1	5	6	5	3
11	1	1	5	6	5	1
12	1	1	5	6	5	3
13	2	1	5	6	3	1
14	2	1	5	5	4	3
15	2	1	5	3	5	1
16	2	1	5	6	4	3
17	2	1	5	4	4	1
18	2	1	5	5	3	3
19	2	1	5	4	2	1
20	2	1	5	3	3	3
21	0	1	20	4	2	1
22	1	1	20	5	2	3
23	2	1	20	3	2	1
24	0	1	20	6	4	4
25	1	2	12	2	5	4
26	2	2	13	3	5	4
27	0	2	14	3	3	4
28	1	2	15	6	3	4
29	2	2	8	3	4	4
30	0	2	8	6	3	3
31	1	2	8	5	4	3
32	2	2	8	3	4	3
33	0	2	8	4	4	3
34	1	2	8	5	4	3
35	2	2	8	5	5	3
36	0	2	8	6	5	3
37	1	2	8	2	4	3
38	2	2	8	6	5	3
39	0	2	8	6	5	3
40	1	2	8	6	4	1
41	2	2	8	5	2	1
42	0	2	8	3	3	1
43	1	2	8	6	5	1
44	2	2	7	6	5	1
45	0	2	8	3	5	1
46	1	2	7	3	2	1
47	2	2	7	5	3	1
48	0	2	8	6	5	1
49	2	2	7	5	2	1
50	2	3	7	3	2	1
51	2	3	8	2	4	1
52	1	3	7	6	4	2
53	1	3	7	4	4	1
54	1	3	8	2	5	2
55	0	3	7	6	5	1
56	0	3	7	6	3	2
57	0	3	8	6	2	1
58	2	3	12	4	4	2
59	2	3	13	3	3	1
60	2	3	14	2	2	2
61	1	3	12	4	3	1
62	1	3	13	5	2	2
63	1	3	14	3	2	1
64	0	3	12	5	5	2
65	0	3	13	2	2	1
66	0	3	14	5	3	2
67	2	3	12	4	3	1
68	2	3	13	6	2	2
69	2	3	14	2	5	1
70	1	3	12	5	2	2
71	1	3	13	2	4	1
72	1	3	14	5	2	2
73	0	3	12	6	4	1
74	0	3	13	5	3	2
75	0	3	14	4	4	1
76	2	3	12	5	2	2
77	2	3	13	6	2	1
78	2	3	14	4	2	2
79	1	3	12	4	3	1
80	1	10	13	5	4	2
81	1	10	14	5	4	1
82	0	10	12	2	2	2
83	0	10	13	3	3	1
84	0	10	14	6	4	2
85	2	10	12	6	2	1
86	2	10	13	5	3	2
87	2	10	14	2	3	1
88	1	10	12	3	5	2
89	1	10	13	6	2	1
90	1	10	14	2	2	2
91	0	10	12	2	3	1
92	0	10	13	2	2	2
93	0	10	14	5	3	1
94	2	10	11	2	2	2
95	2	10	11	6	2	1
96	2	10	11	3	5	2
97	1	10	11	6	4	1
98	1	10	11	6	3	2
99	1	10	11	5	3	1
100	0	10	11	2	5	2
101	0	10	11	3	2	1
102	0	10	11	5	5	2
103	2	10	11	2	2	1
104	1	10	11	6	3	2
105	2	10	11	2	3	1
106	0	10	11	2	3	2
107	0	10	11	6	4	1
108	1	10	11	2	5	2
109	1	10	11	4	2	1
110	1	10	12	2	2	2
111	0	10	13	2	5	1
112	2	10	14	2	5	2
113	1	15	15	4	5	1
114	0	15	16	5	5	2
115	2	15	17	6	3	1
116	1	15	18	2	2	2
117	0	15	19	2	3	1
118	1	15	4	5	2	2
119	0	15	5	4	5	1
120	1	15	6	5	5	2
121	1	15	7	4	2	1
122	2	15	8	5	3	2
123	2	15	4	6	5	1
124	2	15	5	4	3	2
125	1	15	6	5	4	1
126	1	15	7	5	2	2
127	0	15	8	6	2	1
128	1	15	4	5	4	2
129	0	15	5	3	3	1
130	2	15	6	3	5	2
131	0	15	7	2	3	1
132	0	15	8	4	4	2
133	0	15	4	2	4	1
134	2	15	5	6	5	2
135	2	15	6	6	4	1
136	2	15	7	4	5	2
137	1	15	8	4	2	1
138	1	15	4	3	3	2
139	1	15	5	5	3	2
140	0	15	6	3	4	2
141	1	15	7	6	3	2
142	1	15	8	4	3	2
143	2	15	4	2	4	2
144	0	15	5	4	3	2
145	1	15	6	3	2	2
146	0	15	7	3	5	2
147	0	15	8	5	3	3
148	2	15	4	4	5	3
149	2	15	5	3	3	3
150	1	15	6	6	3	3
151	1	15	7	3	4	3
152	0	15	8	4	3	5
153	0	18	5	4	2	4
154	2	18	5	4	5	4
155	2	18	5	4	5	4
156	1	18	5	6	3	4
157	1	18	5	4	4	4
158	0	18	5	5	3	4
159	0	18	5	2	5	4
160	2	18	5	4	2	4
161	2	18	5	2	5	2
162	1	18	5	2	5	2
163	1	18	5	3	5	2
164	0	18	9	5	2	2
165	0	18	9	3	3	2
166	2	18	9	6	3	2
167	2	18	9	2	2	1
168	1	18	9	3	5	2
169	1	18	9	2	4	2
170	0	18	9	2	4	3
171	0	18	9	2	5	3
172	2	18	9	6	3	3
173	2	18	9	3	4	3
174	0	23	11	5	4	3
175	0	23	12	6	3	1
176	0	23	13	6	5	2
177	0	23	11	3	3	3
178	1	23	12	6	5	1
179	1	23	13	3	5	2
180	1	23	11	4	5	3
181	1	23	12	4	5	1
182	1	23	13	4	2	2
183	2	23	11	3	4	3
184	2	23	12	3	2	1
185	2	23	13	2	5	2
186	2	23	11	4	3	3
187	2	23	12	3	3	1
188	2	23	20	6	4	2
189	0	23	20	5	5	4
190	1	23	20	5	3	5
191	2	23	20	2	2	5
192	0	23	20	4	3	5
193	1	23	20	5	3	4
194	2	23	20	4	5	4
195	0	23	20	4	5	3
196	1	23	20	6	3	5
197	2	23	20	2	4	4
198	0	23	20	4	3	2
199	1	23	20	5	2	3
200	2	23	20	2	2	5
